3756 7611
1143 3498
3608 3476
3572 2444
3066 3615
1191 3368
2583 1450
2202 743
3173 2978
2942 2028
2721 2449
2784 1168
330 2364
2472 2304
1308 481
1580 578
1857 2459
2106 51
293 1983
447 3291
390 3628
558 3572
990 2809
2742 3602
3147 2130
3316 1049
2163 1770
2100 1088
2815 1772
2982 2790
148 2818
1274 3091
2901 3205
2411 582
2294 712
1216 470
3264 870
405 169
1217 2559
1371 2249
2118 994
1993 3695
376 2233
1192 3438
3334 568
2077 2503
825 2591
2766 8
2910 1112
2570 885
3419 3125
605 1199
60 2807
972 1855
752 1093
1092 861
1835 2918
2788 2499
1038 3378
576 2787
676 376
446 421
485 1915
1082 3128
2439 972
537 3297
1502 825
2586 31
855 1086
508 67
2676 1
1338 2984
2985 459
2112 3288
923 2971
2592 3043
3504 2851
752 17
2176 3325
1236 180
2012 1946
97 3013
1564 2322
2638 2581
2193 1252
1696 577
363 2089
2289 3244
1145 2465
3074 1115
608 2110
1622 3749
931 3429
1968 3697
612 514
1722 23
64 2025
1177 2685
2833 1269
824 519
3578 2058
509 179
2051 73
1906 992
2112 3205
3179 951
1435 836
1398 1163
479 3706
2130 1468
1845 1648
1726 2939
1979 638
2173 3549
2574 1069
1327 2159
1807 2621
196 2927
3508 828
3317 1562
1558 2688
1660 1108
732 3344
3191 2230
2230 207
2835 542
3198 2769
807 2981
1033 919
3558 3586
765 2851
3408 1943
3254 1292
1326 2784
2151 1705
1553 892
1265 225
2628 3441
3569 2418
3706 2501
1318 2965
2360 1281
2227 1066
742 846
2642 3634
980 1025
358 3560
3706 3102
931 1583
2636 1083
2394 2935
813 6
610 2093
794 3286
2627 528
2486 677
1761 1368
1583 1500
1837 3210
2248 3117
3695 3629
464 2744
1150 1773
1386 2452
2515 2507
333 2748
2268 1685
3046 1624
2344 3233
2304 1444
2208 1388
2981 3693
3362 1418
1125 1985
2500 433
2709 893
2760 2700
3024 2464
488 2
1734 395
2320 806
666 1860
2747 2154
896 2192
3156 2624
2132 1983
2794 2867
687 3589
2299 525
3288 816
2841 728
3195 508
3109 3313
3082 2578
2578 205
289 697
1629 1749
1390 1422
3015 1701
884 1463
1129 791
3756 1465
248 331
1725 3471
2675 446
3239 1627
1624 1583
421 1659
446 133
3175 1933
2025 88
2445 2874
1391 1327
3303 2033
1461 1369
1055 2580
787 3089
2432 3100
2572 993
2713 161
2887 3653
2277 1428
782 2317
18 1270
734 160
1772 1167
3086 713
1040 582
1980 2207
987 2567
205 2434
1301 2729
3620 1331
1617 1275
1211 743
3036 2678
977 2051
2271 1057
3599 3277
1928 2769
614 386
3138 717
2591 1917
908 483
1278 992
2644 1171
45 1446
1700 2615
1127 738
3350 2170
3621 89
1730 3123
1793 3382
3665 2862
2297 513
990 2239
3239 307
1663 2430
1274 2437
3131 1301
3221 1540
1507 3699
726 1571
1448 1251
3572 2700
883 574
3103 2355
2018 968
3258 367
3113 2362
2702 1922
843 2218
656 1843
3410 2567
1930 2800
1405 2544
620 1695
2961 2940
1540 1465
3264 1610
2335 828
1412 3269
2871 2880
1050 2331
1586 3110
514 1868
1991 1952
1419 1824
3519 1247
153 1213
3514 657
911 3248
2702 2514
1841 1723
1760 3491
2978 518
225 863
2717 372
2239 3384
3244 3646
2694 3733
2431 1105
3627 3486
3094 304
517 888
3546 3699
1539 3487
2808 2349
2204 2798
3023 1216
1775 982
2271 918
1074 3322
2935 3646
123 2077
1049 997
1991 1586
757 2696
1170 2402
1326 1181
358 48
710 1544
3306 1345
2275 2809
378 125
3133 3204
2727 1406
3682 372
1526 2942
1829 1841
3598 219
944 22
3451 278
2039 3033
3317 1983
631 3725
358 1477
2888 1325
921 270
1605 2224
1030 340
700 1871
2724 2999
926 1357
2540 84
1043 3492
3425 3080
1669 2285
191 3112
1957 2784
1963 3222
3217 506
3621 1522
2592 2369
2826 3155
590 3236
595 3704
3670 2238
1336 3192
1302 2268
1593 3003
1481 1550
102 1927
1992 3266
496 2270
723 2614
2959 2751
1913 3754
3218 1049
738 2976
887 3639
1219 2012
587 2709
2196 1917
2928 1647
2395 1607
3751 1881
1920 1848
2211 1967
3068 2723
1020 2084
404 2154
3509 603
886 2059
1975 3101
2714 1962
3164 3344
3448 3516
2915 2868
2578 1675
3208 222
3442 1419
1723 1924
1901 205
270 1865
3716 3751
2875 1037
747 1683
1207 829
1581 2099
115 3170
2075 21
74 1050
2719 805
1207 137
853 2595
433 3697
2882 1458
1902 1157
1649 755
1080 775
243 2122
3694 3482
2376 1854
1152 366
759 3059
3091 431
1442 3097
1571 540
355 108
3127 1288
630 3195
1988 2011
1003 3555
2871 714
140 185
562 2174
2746 3021
572 1859
1710 1614
829 2205
2477 1728
3057 3723
3564 3672
1149 3303
1964 1819
2912 3606
233 1599
1059 2504
1287 1662
26 1849
1536 150
3380 781
715 2460
3527 2006
158 425
1279 482
943 2777
2053 3447
812 3256
3247 2508
471 2922
401 3380
384 3214
1534 1136
2652 776
1912 3287
17 62
1089 3000
2664 1340
1971 1538
2874 748
2563 3565
3331 1280
468 967
854 2735
2501 603
2493 3480
3505 3293
167 1972
3621 629
3697 3428
3185 407
2680 3450
1366 1548
1865 3605
2574 1071
3628 3283
2070 1435
168 2489
3320 685
2410 178
2390 681
70 1678
3641 660
817 2215
3484 943
3719 2262
3426 3635
3176 1061
782 3354
3079 2818
1917 2950
1604 1377
145 2675
952 124
1671 3604
2726 1161
1966 1675
1651 1300
2658 1246
1790 2741
3139 3190
2446 469
351 39
2324 112
1672 1229
3675 2222
3507 885
852 2689
2918 1268
1458 3674
1216 3585
1798 1752
1613 491
1568 1667
3138 1802
2743 2482
3121 3492
1833 3665
1544 1737
2955 2758
1758 762
1261 1996
1011 1044
2550 3430
860 353
3472 2304
162 3730
2834 534
2499 1239
2360 3346
233 3118
2411 2767
1217 3055
2230 2795
2953 2926
1529 1899
3488 3609
2692 849
3739 1174
313 3377
2293 1465
3080 3271
2501 601
1380 2486
1651 1774
1259 2851
1350 3691
1798 894
149 2983
2306 3041
2262 21
3142 3307
3026 2633
1192 2584
3423 2256
3386 67
845 2577
2661 453
2607 2378
2456 2639
3078 2752
101 3459
2652 2631
2847 1757
2879 2168
2355 1507
2429 282
325 33
3740 3255
2585 2638
1226 3738
2183 2835
3631 1513
2259 1053
1421 2801
3060 1279
63 3735
2646 1384
3392 3607
2746 206
1892 684
23 1564
371 935
2420 3461
2876 2036
2916 451
2458 1429
3419 3376
1728 3372
614 3363
3386 2779
2815 988
2464 3038
1368 1577
1801 3208
762 217
1537 85
2810 1050
3642 558
740 726
1216 3656
2105 3093
3019 2034
3054 1835
835 1657
2830 1650
254 1509
875 1608
2820 1908
1134 3262
254 505
3107 1027
3155 3481
3275 205
3343 662
3345 1773
374 1894
1083 1388
245 1408
1415 552
106 2542
571 2696
664 103
459 1807
2460 1666
1968 2345
1653 278
2511 2998
2244 2628
1905 2578
2183 3676
3745 567
860 758
735 655
1840 959
1667 3102
520 2116
3400 1009
881 1
2582 2266
907 970
3247 3051
3668 2538
2480 1302
33 2119
1313 931
914 3570
2283 2993
3366 3660
2372 3325
440 2378
994 386
33 538
69 560
604 1899
3074 191
1362 3341
3244 1529
3218 261
1259 997
1612 3346
2946 3159
1437 3056
2173 670
3292 2488
2514 15
1315 2161
2409 2541
2363 1935
2213 178
2274 3087
3376 1086
159 602
3014 209
1506 1897
1358 3060
3083 2747
132 2152
794 3396
3741 1851
3364 2283
2654 3537
1583 677
771 1753
2138 2393
2174 85
2585 1190
1697 3284
2448 976
947 2791
3528 233
2490 259
2682 1558
2561 2565
1078 1464
458 3383
2115 2254
1062 1491
3119 3374
3345 80
3710 2364
2279 1379
630 3559
1100 2267
2859 1388
3362 1631
3462 1985
1539 1278
151 752
3601 2875
3198 3645
285 2984
2669 389
1843 2462
536 1057
1561 2459
2424 3637
2668 848
1782 684
3733 888
2827 1790
51 1197
779 3558
1137 3439
892 1503
2470 1316
1360 975
3564 1220
2214 2064
1285 1150
3302 1019
1083 3270
1256 619
1159 2985
2959 2464
1925 1384
2695 3569
2540 2440
2369 2402
3154 1419
1841 2353
2579 3238
2170 1263
144 2630
378 1555
2918 2918
1779 615
3280 2917
2648 2102
2713 422
2452 2614
269 3260
1854 3296
866 3381
1051 352
2929 771
2842 2454
2301 1241
1104 865
3520 686
2095 1787
1037 1277
2059 2309
2368 2026
2042 890
845 565
1144 42
2115 1365
389 3350
489 414
2089 1985
3250 849
2669 1829
3699 2188
2208 2043
1298 3411
1851 1266
2374 640
668 1614
3516 1989
3338 1374
3122 35
225 3228
3248 1252
837 249
2577 713
2484 2810
1533 402
3734 3081
2372 949
1759 2155
1284 2521
3431 1102
2460 2724
1028 2283
3467 1599
2269 3363
1591 2815
1931 2537
667 746
2811 3504
2971 919
383 466
756 2821
3295 464
1850 1069
1530 1017
3258 492
3593 2249
739 2055
2056 1719
2629 3367
1737 2850
228 2945
769 907
3493 3142
3396 999
917 3717
1467 1613
2153 838
1034 1837
1484 2384
2906 372
266 2600
1911 1219
1421 3044
3082 3538
2754 832
151 486
2144 215
2108 2387
445 3535
2883 733
3226 420
1985 2222
1066 2634
3658 2599
3201 1193
3383 2709
3500 2939
1575 2
447 1192
1889 2542
538 1815
772 2373
2931 145
2000 1147
3214 1535
2097 2989
2520 1739
652 1908
2009 888
2436 2964
2676 2925
3565 3164
2051 2282
1687 3
3258 2762
2994 1438
1584 2888
1425 285
1087 40
3170 3177
2460 696
2264 2988
42 1399
828 2916
3205 3459
3334 2113
206 3544
3540 1636
1160 20
3459 2296
2127 3485
3582 2702
731 1384
2830 3174
491 3711
602 2775
2895 2449
1355 1456
431 3485
224 1843
3155 1577
2250 205
1924 2179
2621 3684
1901 3191
1291 297
134 2987
1836 41
1309 2029
1720 3327
690 3409
1588 1120
3512 2623
2841 2901
1024 573
1976 2219
2208 1926
3559 251
553 617
2655 3137
235 3007
989 3722
3360 3466
1575 424
2053 2389
2430 1186
2074 1573
2577 2623
710 3418
448 3179
820 157
2182 2131
1474 1159
357 1502
3321 475
1112 752
1666 2752
505 3437
3694 1630
3650 2476
2785 3741
2408 2814
2788 1354
3076 388
613 215
810 2741
1052 1147
2464 1603
2766 2200
2711 3301
2341 965
2850 1293
1989 1312
376 2347
2947 3052
2185 3249
3533 2898
752 129
1858 3488
921 3574
13 1184
1558 2620
2767 1556
2975 2802
979 2652
569 313
1869 1523
778 220
3255 3437
2260 2203
2983 3365
2610 1631
1235 1139
2688 365
2518 1225
2861 3319
2317 552
3478 3084
3533 3701
2618 3462
1445 3629
550 988
2405 2823
3547 1175
2157 37
2690 2489
1425 775
882 3096
1004 3162
2619 1961
2027 559
1867 2473
2349 3195
96 2183
2416 1092
3662 3739
538 1282
3371 137
713 766
2878 2306
3335 669
2748 2328
3025 3259
3210 1327
899 1257
858 2040
2829 347
3385 3111
2466 695
2911 2421
1170 312
1414 1957
3247 605
898 2610
1852 3395
1526 2490
2359 2438
2189 301
2215 2069
2767 650
2534 2555
2540 468
249 1017
1256 281
1168 2759
2203 3254
2263 2688
3169 2203
469 3720
1422 2255
1279 1416
2229 511
1157 2668
1009 3727
2697 529
381 2768
416 2090
620 2614
908 829
2013 2699
3585 695
2634 1685
1389 828
597 1923
947 1753
2891 28
2986 697
587 2896
162 1755
1567 3372
2022 1314
838 2669
3099 3397
2822 3164
3289 25
3354 897
2682 1621
3023 2512
3488 1618
2598 3388
1156 498
3373 705
2546 1717
1795 2838
2401 2324
3066 2499
108 3594
2124 3482
2540 1484
1492 3577
2871 1031
1193 2737
2587 1152
3557 1281
436 2145
718 1648
668 167
1249 2004
905 1233
3598 3256
2653 1871
1502 1199
905 16
1007 2616
1994 2735
210 2494
3376 2327
1908 1566
3620 2023
11 2566
3480 850
3170 1997
309 435
140 754
354 3474
74 1805
424 2158
3672 2911
1001 282
1425 1752
1421 1726
1394 2319
1808 1869
3207 2241
1683 3668
2853 491
129 562
2867 2085
1873 646
3735 1168
1743 3252
2370 852
2068 1366
2608 485
1887 2418
1865 1949
1414 2877
593 1639
1181 3662
586 3090
3299 3359
3143 1831
970 1743
1601 3607
2583 3142
2517 1251
2003 1427
1580 3195
3465 1212
2017 2180
810 1862
3603 277
2373 1263
1826 3517
1309 415
3615 2271
660 3077
3081 1913
1070 559
3617 1944
2378 23
2770 2003
2937 1772
3156 643
962 42
549 1425
2995 1339
1602 3180
1849 2856
2313 67
1720 398
3636 3099
3531 200
3403 945
1932 1009
1008 512
2110 2439
129 2964
480 1020
2414 614
1523 40
178 2142
237 1013
3582 3004
3664 1574
2465 226
1354 3432
1491 3669
646 3146
1397 3336
3675 1555
3133 3695
3126 2129
1201 1134
945 808
2995 2380
2740 1308
1463 3363
1234 1312
1658 901
3173 2216
308 2902
3183 1947
329 2063
746 3034
2406 2259
794 1233
1631 635
1597 2638
2811 1126
2337 2985
1222 1764
1068 3514
3426 1059
49 3205
810 3595
2157 1837
3476 2104
1928 619
529 3538
360 1905
970 2622
2275 2479
568 3616
2240 759
3202 2603
2769 1807
2414 3106
1065 3564
2535 2035
755 1534
1986 1397
1530 3639
2822 2870
3574 2304
2735 1683
1653 1705
2920 1725
3497 3027
431 2144
2651 2222
440 1380
683 2393
873 774
1482 1602
1458 790
634 3586
2712 1335
3439 239
2646 239
2712 3679
1262 2563
509 964
2480 2756
869 1299
1527 2123
547 1818
1318 2457
3091 2538
3498 3358
2802 545
2597 2354
1770 1295
448 3201
601 2135
1676 2957
937 1678
2168 1659
2013 499
1576 2742
17 298
3390 48
2742 2761
1532 417
1500 3598
1269 2345
1875 1152
2855 2003
1081 3184
2838 3372
2991 1359
2471 3306
1522 1703
2624 2155
984 906
839 2891
3095 2159
3023 3482
3281 53
1528 873
579 305
576 392
523 407
1091 2088
637 541
622 2683
2338 2386
2354 2956
3500 1641
3194 2934
1906 847
3716 1259
361 160
63 297
2834 1672
1038 3130
2395 1566
2838 260
1449 160
2157 1274
1101 2277
2027 3495
3331 1811
3374 3301
2987 1292
2951 670
3706 1009
825 635
3401 3560
480 747
475 2357
2425 3214
3505 855
650 2452
1440 760
126 388
2391 2295
3524 2042
2965 1032
2906 2729
244 2860
1948 2213
2340 2749
2595 3556
2916 790
1329 44
3042 93
562 1754
2278 359
761 2852
2881 733
2492 1545
556 302
620 3735
2881 2726
962 1582
659 407
2455 1024
1283 1791
2694 1570
2007 1974
783 2410
2416 1418
2257 2200
41 2149
2629 1863
1458 665
102 844
197 735
1767 2105
1740 116
135 1611
3391 1697
990 3438
2187 789
2647 2454
2454 946
2409 1932
3160 1497
326 1940
2042 3409
2701 3303
1715 1212
3744 3098
2260 3059
3649 2705
1553 217
3395 363
623 3244
1582 1905
2358 2423
1849 3485
1875 1354
3075 3308
418 1733
143 3450
478 1873
1385 436
1481 3194
2472 3557
2240 3491
2191 2976
3338 421
494 3465
3259 3151
2202 2331
170 2338
1928 2563
3399 3386
1099 674
1303 2843
1595 3582
3578 1161
3359 2006
3437 2949
2654 1849
549 587
1565 698
1554 1678
3556 1482
1676 3740
2355 504
694 547
1136 1304
963 1484
5 5
2795 2011
2220 579
1755 2100
1282 445
3426 1466
2170 1095
273 3471
918 490
2083 1497
2506 2997
2368 1801
1323 631
899 2842
362 1089
2804 2455
3036 2411
2039 3463
3598 3190
3645 3499
1525 2132
2659 209
2249 1470
76 1302
2990 2146
3226 53
703 3450
576 1423
62 1279
1787 2883
1993 541
1365 1611
1626 3359
1353 1785
3242 2720
792 407
1002 451
3198 13
361 3738
293 164
1014 268
3614 2909
2301 732
2615 2661
1887 1521
1517 1826
366 1062
2049 200
2266 2508
3520 411
3080 3617
824 1410
3230 1086
566 2413
3664 1583
85 2120
43 3594
1819 1510
938 107
2906 2501
3130 2334
255 451
715 3534
3484 945
3479 2258
186 1283
3011 2566
1571 2202
2249 3341
685 1120
1923 2773
3742 3167
2870 1055
963 2040
720 3396
1497 2134
867 1014
2865 969
14 3658
3248 630
1187 1059
1401 1560
81 3014
1001 1109
1258 1912
2791 3391
2286 1425
997 2093
3228 556
3026 137
2081 2005
3144 2989
603 2631
1766 1564
2869 1936
1585 1436
1128 848
1540 1810
2963 3522
3086 2342
2716 1656
1362 2711
616 1315
1907 1471
2064 574
2911 1583
1036 2199
868 1896
2505 3202
727 1499
2601 2435
3491 2428
1015 3373
460 1815
1565 892
1328 954
2598 1753
186 1384
3267 3042
2839 673
2044 2955
782 332
1058 2490
1863 778
2279 1679
1094 2414
556 2918
437 3547
370 3406
3218 3014
1016 2921
672 2720
1871 365
2857 3275
693 1493
1754 1914
872 578
3512 127
1658 1144
1301 3652
3729 2120
3426 2713
1400 1091
1605 906
3082 1511
428 3503
2287 2342
2950 1690
2096 563
382 3427
1917 1783
3505 2371
84 1139
3541 1802
2301 640
2556 2293
431 2253
2146 1194
2372 111
2196 2397
99 797
731 778
1392 1145
1802 3315
1460 1923
3319 1678
3089 65
792 2681
1402 2739
2239 878
1602 1314
2931 522
1055 2403
3422 2520
3141 1035
2022 546
1350 1983
2177 2558
2177 2956
2804 1102
1658 2798
723 535
537 1264
58 1086
3630 2668
2524 1694
2399 2887
1363 826
1008 1396
954 1292
2201 2422
1338 1871
3077 2185
2132 3589
2751 2502
1566 253
452 2784
2112 470
1407 250
1679 680
2871 3421
3429 3021
1985 285
2519 879
1121 2700
665 2832
2401 3085
3443 3235
1006 2935
2457 3589
1681 1568
1726 1514
2516 1603
1736 3640
2961 846
1046 363
1775 3030
3261 3704
1446 314
2092 522
1895 2154
1575 410
3245 2439
1259 3227
1038 2214
1998 2524
2263 3114
2723 558
3520 34
3746 1284
268 222
1739 3291
718 2320
3282 1167
522 3490
800 2636
2654 2304
2813 852
3377 2530
911 1605
955 2248
2991 2188
2118 3713
2339 2898
3683 1576
3406 2068
2836 3184
280 524
2731 488
1748 2490
515 2741
1758 2598
2788 22
3575 1059
1369 3264
1158 2409
2685 2790
1341 1769
640 3320
3395 3691
1290 1139
2003 2127
2577 421
337 3522
3149 2738
1017 311
3595 3725
1051 2164
1792 3522
2832 1829
2689 2783
2585 690
1022 411
1773 2586
1781 3564
1190 1047
546 1784
3180 3187
2105 701
3600 382
3726 2190
3663 2689
1871 2334
254 298
1938 3151
309 2081
2917 2535
2500 1852
2904 2335
234 3258
537 752
2606 755
2959 452
1148 2283
1442 3623
1833 3513
3006 2969
3267 310
1451 366
3064 2878
3407 2464
3662 1920
1928 2403
3406 2303
94 3378
1373 2606
1742 3002
3727 1197
171 1724
2567 1887
2194 241
2525 3540
490 1130
1105 3153
2094 221
740 2811
2147 1766
3658 2874
587 3074
489 1561
752 2389
816 2929
1037 1566
1212 1419
548 284
3389 1351
3234 649
651 3578
2955 2786
2805 1707
2035 157
1540 2113
2057 2470
140 2625
809 2703
2860 3166
1492 127
1318 2766
1968 3557
1243 550
773 107
2151 2210
2214 479
1890 2522
2762 1656
2790 2830
2086 1291
2792 3191
306 2248
2631 249
145 2383
3331 2739
2348 2891
1831 1421
3519 2143
1868 5
1928 1972
1540 2972
2508 3717
2506 1441
1222 3553
2319 1621
3509 11
3081 3697
2314 385
2888 1874
3156 50
3311 3205
1967 1347
610 2400
3443 991
3721 3154
462 2722
1771 2568
3186 647
1174 3520
2787 1824
2523 535
2248 1664
2052 573
584 1891
3030 2204
2026 2887
3077 2842
3360 3512
3084 500
137 2897
1682 900
933 2024
453 597
1759 2746
3501 2654
3535 1703
534 3414
1748 1853
1184 3550
1168 679
844 862
29 3683
1943 1692
291 1439
2527 1304
3258 3525
510 1171
1273 2547
1120 3413
1744 678
1653 1497
3307 3706
847 66
866 2857
1004 2909
1356 1211
2472 244
831 1097
2492 1203
732 371
930 204
2546 1719
3474 623
710 1159
74 2763
1321 2422
3314 3383
188 966
1722 1594
2072 2876
1546 1280
2451 251
1169 1197
2689 403
1980 2136
86 3048
275 2421
3718 3077
3234 295
1712 2332
2510 2879
873 3148
3168 3362
1152 2643
2472 3459
794 3284
832 3314
2344 736
2410 3007
173 1965
315 1888
1348 2303
3005 1744
2633 1176
2665 2768
1772 2857
132 3660
2303 1612
3168 362
535 1264
2199 1563
958 365
299 2915
1991 2755
3123 3521
2193 3115
687 2288
60 2313
94 1025
250 187
2971 3544
3352 992
1484 3087
1001 2629
299 2632
98 2643
2664 2276
2882 1795
1200 1195
2401 49
3346 624
706 1372
3079 1654
2012 2637
1763 228
1396 2444
1727 1937
1982 1848
72 2401
454 206
354 2366
3743 1804
2635 3156
1338 1203
3708 2093
3648 1322
1013 3419
2723 2646
3228 2217
3393 121
407 3736
3454 1733
380 109
3498 3648
1841 3506
996 1182
59 2005
2545 1623
3181 581
2647 3161
1959 2281
1961 1353
2870 2573
1959 3583
663 2750
3346 2899
2661 3601
1169 1641
2572 3119
407 1511
1790 2646
2179 2226
541 484
3634 246
847 2543
60 1600
2757 3128
2975 2821
2619 1838
415 137
1996 3556
283 2186
1443 3756
301 2452
2050 1190
1204 2538
2691 3110
1079 818
2673 3360
1517 2488
1766 2587
317 2566
2560 631
2686 3178
3228 2212
1645 2102
2674 3627
2894 1576
1843 1317
2087 73
1208 533
2864 1119
2811 2446
977 2922
1863 2711
37 3199
934 1141
1288 2639
654 1043
2138 786
1884 1925
138 1188
2783 1067
495 1723
1342 3091
2199 2451
1896 1924
760 3107
2688 2945
3652 3195
3057 3459
3159 3070
3237 851
2244 2299
2111 2262
934 1979
2517 2672
3226 459
3276 1884
2258 3148
562 3718
106 1477
69 309
1428 3532
985 2315
1538 3061
2940 2722
3533 2331
1991 2301
1707 944
2739 2121
237 2761
24 591
572 1997
71 496
966 3378
1222 762
3663 3214
850 866
1460 2387
1942 3311
134 1101
3616 2469
586 141
1612 1686
1311 1009
599 285
1626 2314
1082 3517
3733 2325
1924 3221
3636 2221
1611 714
2102 116
84 1746
669 1750
24 1381
3068 1806
2102 603
2839 841
2442 1144
673 304
3289 1915
2309 3278
1021 3637
2591 2733
3652 902
1874 1402
2530 2860
933 2665
345 1031
2336 672
690 1761
1972 1979
2542 348
3598 3464
296 121
83 2048
3460 3051
2967 581
1252 217
1917 2525
421 40
2514 1155
2039 1673
3419 2313
993 995
3157 2343
2024 1382
1104 2694
1591 3312
3134 3743
1136 811
1238 1326
1128 2881
3128 3436
2549 2216
907 231
2743 59
1618 1531
2568 2378
1571 383
1638 1827
3710 82
1125 2407
1909 1847
2526 1916
2927 2777
2225 1937
1302 2047
2732 1322
2114 737
958 2448
2482 2466
2908 3062
1295 439
435 503
1047 641
2520 2950
165 1790
2079 596
2646 2866
128 3562
3436 289
666 975
2780 55
77 139
1588 836
2138 714
1208 3352
323 2947
746 614
2276 3263
3450 3349
530 1380
836 995
3600 2799
3665 263
3023 1362
2564 1353
211 2442
1706 1442
2022 2924
1430 1619
1404 3708
713 2990
771 895
804 2870
3506 2915
1320 1543
828 2879
14 1057
2169 1873
191 1698
2383 1641
3153 397
692 1726
869 2363
499 2827
1675 2076
202 1399
2992 2334
3570 2729
2249 2617
3344 2103
1817 62
2761 1443
606 224
312 3330
3413 3339
1661 2211
2125 2178
867 212
619 1181
2635 565
3569 2594
1682 2440
2676 2523
1032 475
72 1289
3113 1736
3291 2017
26 2299
2854 2125
2791 312
1031 3082
1345 813
1164 1919
1737 3120
3123 2936
793 238
1277 1053
976 29
1656 1126
3485 1901
2549 3251
2919 3131
783 2940
583 251
3129 528
2776 3014
3673 2575
1792 2509
2486 2968
1179 675
445 2138
1528 1563
2909 2637
1400 81
2576 481
3493 237
273 1275
2975 557
2702 2709
3263 2969
2583 321
2524 3683
3647 3269
1919 345
2867 2930
631 3415
1089 1379
2768 1058
1473 1354
1156 2713
1200 2479
3076 1620
3711 3044
1555 1778
2986 845
1442 1870
506 1913
2333 590
1277 1018
1374 1326
796 25
1539 3250
2824 858
3655 2898
1203 1913
1230 890
2948 2248
2301 1404
2525 1868
2585 1108
1748 3227
2069 123
616 3621
361 1425
1526 1330
3038 1715
1441 686
3539 741
2253 406
2583 1789
2116 2815
1488 3217
2194 2506
3384 1855
3648 617
1259 1593
2262 638
561 2208
3412 59
3083 806
1722 3529
3298 1054
3461 2061
3257 2146
551 490
1775 1264
365 1591
824 2889
1561 177
1356 3183
1948 2557
1208 2644
1659 888
1577 2955
180 887
3192 335
2082 2740
1753 806
3298 76
3369 2878
2657 935
2989 191
2957 1826
1182 621
349 879
1249 1686
2348 1650
627 319
566 3337
1819 1004
1237 3631
2262 1545
745 3174
3302 1517
1413 229
169 3096
1783 1130
2810 2443
1971 2466
67 3439
724 2637
1527 2543
1338 1337
1487 3134
2434 1119
2959 1290
1112 3668
1434 1529
893 1308
3043 317
752 3421
1846 1593
3090 785
2927 2905
1696 1908
248 1236
147 3313
2504 2170
2629 2487
268 2875
3425 1393
845 262
2000 918
1535 1282
2943 1168
2436 3594
3385 811
2411 2792
2079 2285
3276 1253
1371 3494
3340 2749
1102 2924
2739 2155
1732 2519
2196 639
454 1498
1555 3654
244 1114
2789 2874
288 2263
603 2628
2831 2200
730 2321
121 994
1833 2001
435 594
995 2145
1715 1463
623 570
855 459
1137 1100
1902 94
427 2270
1672 3006
504 3449
3159 2059
2124 380
1573 2440
400 1520
1599 2372
2724 2466
628 3606
2976 989
2091 3274
606 3200
932 2346
954 3322
844 816
1622 2284
3431 49
1383 2467
1155 3674
1999 1013
743 1945
354 1476
620 2244
1404 1404
1440 3683
2393 255
2321 3470
1006 1130
2435 3270
1057 3419
410 648
3217 2399
2758 2968
502 1199
1788 625
816 334
3410 1272
1338 1882
1097 1611
2612 1441
2609 1736
1550 3532
1972 1342
180 2880
1096 2672
1981 2914
538 1745
2622 1913
2416 549
2749 700
1504 317
1586 591
867 2825
978 130
213 236
168 873
1983 3450
3079 1396
353 1953
1460 1594
905 3673
2041 1333
444 3703
1472 2502
524 3563
1370 1767
649 2858
3532 822
2224 1468
2677 2125
3665 2148
2119 2545
999 2187
2943 2701
1619 649
79 2582
1999 1256
48 3547
1452 1450
3051 2896
822 1368
2134 21
1171 929
3058 254
796 2408
2933 861
2645 1230
159 3390
1761 709
2446 1134
3001 1659
1176 1166
2094 3412
3180 1861
1057 2907
1269 2885
2117 2961
3025 195
2632 1429
3592 23
1242 2369
1005 1943
2127 3446
1513 722
815 1631
3418 2278
825 2066
1279 2397
2068 3123
833 3542
2580 1218
1273 792
1378 3159
395 3506
83 3161
1602 1984
1044 3554
2260 3624
2169 1803
103 524
351 327
3634 3255
1417 462
1882 2997
711 3201
1747 1129
697 893
2508 1120
2209 3515
2825 1676
1909 3601
1855 2402
2810 72
3449 3391
952 2322
1131 3613
1685 354
2053 2047
2488 2008
939 1918
602 2518
1124 2175
387 713
3689 2546
3405 2023
3047 1229
1869 2146
1196 1185
741 2163
630 3048
605 3083
3277 78
1240 570
881 1195
1128 3318
2863 3418
1380 2240
484 3544
107 3572
3690 2058
309 2523
3303 1115
1392 1849
1802 2291
2127 650
953 1367
149 2963
991 2899
3551 819
3699 514
3670 387
1966 1183
909 1285
646 840
2252 3089
2925 3687
1339 395
2884 1146
552 1299
693 1884
2151 1308
3515 1493
2054 2043
2609 3028
1178 770
2992 1885
2611 1995
1777 1946
228 834
1879 671
2769 1524
3028 1241
2064 586
1576 1406
1046 443
3633 1414
3631 2847
433 2503
1347 1027
332 2048
2978 3538
3652 365
2962 760
465 3406
2091 831
2490 3399
1556 1088
1183 1259
946 2843
3723 249
2968 2613
326 2025
1347 2020
3112 1018
2526 1471
889 2812
1920 2117
2859 2919
1103 1817
2228 814
3496 2602
2325 261
1964 2016
3053 896
239 3738
357 3311
2963 1996
3499 1389
1808 2136
1679 782
2838 1602
1402 1389
1824 649
607 3237
2180 2620
2539 1462
2571 1600
956 3628
3483 1267
2044 873
1836 2475
2824 1693
211 1449
2031 2696
1519 2073
2710 3475
626 361
1129 1844
2228 1136
2869 258
1083 2122
1357 3688
2702 1307
2966 2964
3600 3308
3133 1221
656 408
2455 1091
1819 2511
2609 481
1356 2444
1016 2131
500 3164
2684 2143
1822 2725
1054 778
3022 404
1787 1752
1621 502
272 1529
1469 2533
2302 2723
91 1869
2420 3268
2727 981
560 1169
3475 3274
2576 3750
3361 697
594 855
1693 966
1585 1501
2220 89
1922 2449
3210 2860
2559 1500
335 107
3284 3712
309 542
2442 3738
3081 656
2817 2567
3138 2632
3733 1729
912 1121
141 3408
2887 427
100 3046
2475 1864
728 785
609 2017
2535 2611
2500 2223
1014 313
705 554
1491 91
3500 642
1278 3510
2647 3395
414 2912
2336 2730
2908 3369
2036 2169
25 1378
1030 1834
2237 3065
3563 2603
943 3504
1692 1714
3626 3741
1813 1150
2266 1547
613 1184
961 1814
1405 1885
1201 767
3648 199
544 694
1294 445
3349 2946
2613 3567
776 22
2324 3279
1375 2974
2668 2402
974 3226
291 2346
275 1344
3087 2511
1762 3492
3490 3194
705 1216
1157 2723
1951 2294
3088 1700
437 1377
2797 584
2447 2163
3388 2518
3004 2101
3008 3239
2448 3218
2598 1112
3744 3445
3279 1457
2940 1935
1030 1404
1147 1782
1633 3647
1859 118
636 2081
3552 1583
2036 3506
2758 2646
1476 2539
449 3029
160 2899
3658 92
2619 2136
2066 2403
3723 818
1254 2952
368 1423
2381 379
3471 1967
659 2789
2455 1062
527 1866
2512 3560
1383 2163
2868 3414
3282 2405
2284 1190
1498 2714
719 1541
2472 3063
2793 3680
854 543
2179 3540
3518 1751
482 558
1809 1679
3101 2913
1773 2853
3023 911
1341 1553
3273 469
507 2844
886 365
540 844
545 497
1113 3107
2576 690
623 1540
46 2453
2903 43
1804 1067
3000 1205
2588 3402
654 3284
2091 1934
424 475
2856 3062
1764 1430
2469 189
3542 2288
1680 169
1488 1106
354 3217
2285 709
3288 3154
3551 2414
590 674
499 2393
2028 2869
1484 2421
2609 2859
3127 1093
450 3059
1269 1449
1507 43
767 1732
3673 1856
3350 1063
1548 1426
1297 885
1493 1666
1403 2282
3561 1256
1794 768
891 3186
3368 1072
2133 2790
194 1928
2527 1212
377 2125
539 3673
2182 1346
359 1847
2505 422
2780 1415
1961 2796
2240 2730
714 955
3322 1132
2770 2076
1839 1696
3545 1348
2161 1020
21 3268
2181 969
1308 1298
343 3571
3751 3409
2282 2956
2637 2581
3441 3754
3102 2382
129 1898
1506 2863
2916 195
129 843
2892 3349
2200 2530
1114 536
834 1710
2601 2280
770 3710
9 115
1719 2558
2331 1611
2459 3448
857 979
1314 2126
2694 2630
1347 1564
1562 2217
1651 2054
520 3281
3027 2349
1013 3054
1944 2096
1460 939
1868 1319
2598 846
204 139
3052 2286
422 1596
1264 1077
3505 3662
1135 695
49 2994
198 598
901 3333
1651 294
1898 2961
2556 1194
2159 485
828 794
3755 3016
360 2372
2117 1969
2397 208
829 90
3216 614
1691 1063
2209 1807
1152 3262
1669 2111
10 2881
1655 3686
1337 1019
2654 2588
297 2230
1546 2158
1933 1987
3168 3408
1492 2254
135 2370
1000 2752
3599 2779
1868 206
3383 3054
2305 3634
2287 3169
3624 2623
2648 2533
1152 3203
1201 1169
1908 3640
2807 1848
2076 2372
99 3050
1189 1849
2937 2259
1075 3426
654 3048
2676 514
1874 1013
1618 2914
3700 1821
557 3048
3608 2273
494 11
1501 2294
200 11
1736 3576
2752 247
789 2675
3205 1285
277 203
1328 1273
3296 2759
214 2653
990 2588
409 1358
2061 3397
1668 1408
1013 3061
1766 2707
2271 148
1584 3535
503 11
851 1303
3570 2123
3356 2406
3189 979
426 2928
1189 3636
2682 1338
3589 1291
431 2863
2010 3322
1875 1637
1779 1568
238 3298
301 2359
2654 2848
2134 3088
3359 423
3474 210
199 2644
1217 3075
1121 65
135 3599
3077 869
2458 1591
552 2589
3656 297
1145 1353
180 3641
3160 740
2308 3301
1249 1341
3195 3623
2534 773
3034 2422
1315 2199
1036 717
920 2918
2790 31
3696 2007
2092 3522
3009 3576
1526 1271
432 3620
2466 1617
1944 2350
658 2521
3030 2815
3126 2550
1095 1302
3260 3031
3117 734
96 739
3401 379
2955 2634
1476 1358
214 2744
2006 2583
294 3667
3620 3255
1581 1633
2794 2178
3124 3099
872 553
3164 89
3415 3300
2953 1974
3094 1670
1133 635
2542 1609
2439 33
2438 3681
2248 512
3175 142
3155 2713
1722 2436
133 1267
3355 683
2786 3328
2073 2377
3064 1238
2535 2996
3626 945
2592 563
2391 2805
536 3252
259 1369
700 2757
3466 2989
3388 515
3573 2167
2330 1570
1013 627
608 119
3345 513
1029 2362
1970 637
1607 1425
3193 2880
1742 1055
2816 2703
2975 3631
2269 682
2722 2148
2651 3092
1234 3188
832 1564
2411 378
1111 1916
3729 2991
3656 1972
2888 2346
2801 504
2301 1505
357 793
820 2792
2287 2260
664 2120
3378 2581
2451 1494
2253 1430
2013 3633
1214 3107
565 2030
1408 2641
695 1364
1106 1339
2241 1540
600 2576
3354 1859
2972 2729
2717 1453
135 1862
400 153
2540 1574
818 1277
1467 3505
2665 544
3341 2877
172 2613
1681 952
1717 3488
649 1038
3410 3
356 2281
463 418
2732 1333
2907 2316
99 1592
2351 3676
1234 345
862 1358
642 3353
331 2214
628 3279
3481 2282
1542 1897
2046 1335
2518 3442
2853 1438
3534 2967
3202 3299
3217 441
1966 3486
3512 3290
1890 2077
258 3569
2604 2276
3201 1628
1680 3062
3150 2322
173 1343
2560 2585
703 1706
3107 2267
1862 3729
969 1649
3260 716
2221 3590
1266 2333
3659 3362
3052 794
1560 2590
3573 470
779 3599
2509 1896
9 1859
1287 3390
528 1928
3035 3705
3627 3618
2424 1896
3670 3371
271 1499
3207 721
1006 385
12 3658
456 772
620 3340
3690 3152
2316 1220
1229 3488
3036 2662
610 1042
1554 306
142 1424
778 344
1667 1481
1953 1926
3526 386
1005 1405
2410 2504
408 2985
2763 3632
2499 2161
3075 1768
2118 1664
1918 231
3525 3570
3200 2959
2334 3690
2072 3338
2473 1730
3734 2359
258 3046
181 526
610 2038
1490 1554
1349 1533
2514 2274
3528 3622
1898 2341
1204 1752
110 1269
3176 3370
2433 3049
756 2521
874 517
1221 2075
1953 2964
3244 1570
2138 2385
2324 3633
2662 2714
869 3290
3027 803
1428 350
2449 2873
3008 2692
815 1002
853 2667
2047 3698
2851 3091
2722 378
2481 3746
736 1073
2316 1761
842 646
3653 2722
1161 1330
1581 2637
3570 1908
3718 1303
987 2789
2906 3375
1395 1568
3010 2272
331 370
1887 3295
252 1471
1966 3277
3238 2776
2348 1407
2940 414
2813 2646
1365 3343
1240 3370
1068 2885
910 628
1033 1722
3470 1969
3522 1092
1526 1408
1225 902
2560 1057
1295 1665
2484 2298
3013 153
628 2558
348 174
2794 263
1275 193
3731 315
1879 146
1855 3466
3203 2698
3326 401
1071 2251
2251 3055
2635 1470
515 498
559 2462
1151 3032
1970 91
105 2977
830 1799
200 1299
499 2082
2828 3124
265 3492
2349 1159
1001 48
1302 1052
1102 1693
1631 374
3715 2200
1148 1329
112 3155
3319 2850
898 345
1238 560
2235 3512
68 2974
2222 2918
2688 3204
2017 1070
3161 2575
2652 2847
1725 99
1379 1650
2913 1858
2486 3355
3512 2409
1045 1704
1011 1274
3594 3669
3245 556
2283 1963
3609 3662
2636 2720
3322 2283
1385 189
1209 2865
803 3341
3424 1061
1643 3637
3481 299
1688 186
3337 1769
2381 1435
2155 373
3101 3546
3550 1099
659 3119
2066 549
1944 2887
1627 2240
2667 1947
3662 1657
563 330
2948 1990
3338 2346
2070 575
1171 358
3644 1700
34 2032
856 3460
2337 3347
382 2566
1939 370
3322 3705
729 1524
1649 3351
1653 575
589 1386
1714 2106
3390 3356
1655 135
1670 1502
1369 2366
2515 2870
550 1124
1653 3744
3177 2593
1143 1214
1183 1680
2377 40
1468 1902
1206 1003
2043 1018
1925 456
1850 2151
1801 1325
2683 450
3269 2130
3256 2260
3007 1753
1440 3127
2968 1154
2040 2104
941 3190
3451 391
2211 1510
1582 2390
1521 3572
1420 1362
1053 3366
3495 2681
2916 3556
3462 633
3554 3037
1656 1294
89 1898
2778 2422
2843 1445
124 1792
1629 3090
2192 2895
1285 42
258 390
3414 2402
904 1246
214 3680
2562 2295
2561 3068
1633 3212
2345 1564
1066 2768
210 3609
2637 1006
1905 2861
2544 936
2403 3259
3125 2200
300 179
2400 296
3092 205
3483 32
1521 760
1209 1028
2977 356
1805 456
2716 493
1110 3190
2847 67
3526 3229
3313 1762
2352 2813
1353 1140
3693 581
3227 939
1648 907
1839 473
409 2998
720 2397
2283 119
1275 874
2428 1639
2409 1626
2564 2106
581 3182
1271 3195
1185 3438
467 3609
3640 676
667 318
2752 3626
3305 1205
257 2372
173 220
1903 1812
944 2515
788 3607
1078 2071
2631 2384
2843 2544
1576 1058
3007 3120
859 525
1464 1071
1718 2434
2604 3293
2252 2763
998 1750
2725 2452
3505 3489
589 3018
2179 1886
2393 1197
892 3069
240 959
2471 136
1169 3588
72 2088
3620 314
444 3680
3073 1654
1855 3046
693 1201
3498 3065
90 1888
792 3647
589 1647
712 1310
3122 3018
2881 1201
577 3367
3049 1496
1217 2315
305 3539
2080 1965
465 2495
98 811
371 327
336 1003
2667 3593
3506 2292
1561 2074
332 3756
1207 766
941 3380
1308 2059
3203 3113
1183 1035
2357 3623
13 563
1177 3467
117 1524
2895 1320
47 2971
1699 2222
1185 609
592 976
137 3517
1853 1073
1114 236
1841 1613
2489 1776
140 1801
2975 2542
1245 627
2033 41
2366 3546
460 203
835 2695
2681 1918
942 1801
1188 1877
2487 178
2106 600
3152 101
1043 1699
3705 1229
3375 1674
1542 2155
1582 1580
45 2691
3350 2894
446 3176
920 1356
287 3497
3074 286
3257 1784
3114 2926
2991 2538
1504 1779
2126 131
2914 285
3648 2083
2319 3645
2585 1907
2001 1800
1366 2115
1585 3611
167 3631
1802 3479
2597 785
996 2788
2962 1868
1984 2559
3586 1522
695 477
1654 3302
2138 679
3106 2891
615 3741
1743 1750
3198 135
213 1856
1441 957
2673 2418
3443 1399
2963 2179
3284 3055
3061 3044
3340 3601
3058 1942
2864 2920
2810 2829
1927 3637
653 1135
1112 2169
2220 77
173 2956
3738 3279
1966 3473
1709 2047
3619 3591
3494 295
601 647
1666 10
1633 1106
2815 3433
1158 1259
3714 3351
3287 950
3297 515
1429 2284
2118 254
612 716
2411 2408
838 2872
1958 3707
121 1547
2697 491
578 27
313 1336
2583 1590
3506 2962
280 2155
2744 1072
1382 2041
982 188
1047 1939
3000 583
1124 3505
1658 2272
1411 1284
2864 1477
3152 1605
976 3344
239 1039
964 842
2296 3597
1527 2502
2501 3268
1158 2186
3187 1385
250 150
1550 3303
2945 1323
1799 3712
2012 1251
3588 917
2936 2224
3658 1817
3015 3691
3165 1579
1486 1832
3572 2556
2373 218
1393 3555
2174 3238
1096 3248
2625 2089
2835 1769
1353 1364
1666 1351
3552 1783
3595 2370
2970 1141
778 571
1615 2894
3434 3146
1725 869
2634 1674
3360 2514
2429 396
36 753
3673 1866
543 2125
2592 3687
2192 977
2634 2872
3160 563
3126 3704
1461 66
2669 487
3526 2461
971 45
1930 3691
3696 3678
1862 1728
2386 2376
1313 2364
441 2646
2835 2608
2933 3033
1536 3210
264 3406
2394 2468
3300 1667
1869 2507
309 1657
2997 1784
2181 1520
586 3502
784 3646
3208 30
1388 3273
2391 3299
1567 3424
2461 2267
1978 1855
875 2728
972 105
2134 3460
1907 2020
1376 3155
1025 1076
660 14
832 2997
3406 3148
2485 187
399 3454
856 970
144 3550
167 3208
2432 3537
1561 1706
3604 311
3193 3005
1080 2985
185 1542
2858 1546
3609 3040
1267 2798
2858 2870
46 2372
2791 822
1656 1951
341 170
2807 1538
2505 1508
1338 2791
1386 3520
1688 1436
2758 3677
1012 1090
497 2736
260 3054
2782 2143
157 3622
788 3634
2988 3750
965 2774
853 248
638 1856
2319 186
1428 2791
2663 3064
2498 2018
2101 3321
140 3371
61 2878
627 2260
1818 2989
1104 2566
1403 1448
503 1037
2287 641
657 1852
2607 1375
178 2586
2542 96
1099 2579
993 1218
317 199
2538 3558
2255 1365
716 1966
1039 2904
774 2586
2719 2314
1587 2365
872 2151
3518 1602
2058 2649
1318 3619
401 2115
11 1221
1062 2584
883 2362
558 388
506 3122
1553 2166
1560 2009
1319 518
3665 1579
3093 485
1132 827
2269 3012
1888 172
1211 697
1493 1572
2882 1924
1159 2103
2636 1986
76 3326
1696 817
2772 2953
3283 3378
693 3698
3642 1818
1704 2167
24 1343
3274 3024
61 3324
464 3362
1927 3627
962 2659
764 1245
2936 3526
876 2543
1480 2688
3730 2364
3214 3419
2491 1952
703 2343
2331 453
575 2555
1433 3157
1372 1757
3690 2413
1935 1439
2234 1889
2255 1418
2212 2255
1244 1196
725 2020
3625 3103
1141 1164
3684 2367
2131 1475
885 1601
1141 973
468 1600
3481 727
621 3368
2908 1104
929 515
1654 1477
560 160
1538 708
3710 3576
2115 3235
1774 2740
3228 3747
1938 3465
1502 744
3011 3370
556 1680
3071 1997
1972 756
2625 3646
1577 795
1144 2538
576 309
1389 548
2297 3558
3156 3079
2909 1432
248 446
2301 1475
2514 2667
3161 1001
2571 2759
2099 3327
390 2262
3063 1857
3400 94
899 804
142 48
318 3356
2150 1086
991 450
300 955
2906 433
14 3145
1940 263
3433 1538
2682 2889
3379 2187
1299 1831
2424 2571
2533 1334
3468 1260
679 1261
422 307
2872 2590
1331 2714
3595 1202
2877 2168
2325 3262
652 2322
639 2326
1276 3443
3255 1043
2413 2316
2079 1490
3505 1974
925 1100
348 534
2776 530
618 820
2997 383
3077 1005
3301 2722
907 2082
638 1996
3541 2429
685 3482
3454 2535
1423 1237
1931 1687
3337 1401
2770 2126
2858 2319
1267 3088
1035 3441
74 1780
3555 2163
3307 1885
1784 632
938 1130
113 3535
3270 735
1671 3415
2774 2281
1864 3371
648 1358
1808 3053
1738 1489
997 1362
3646 23
1881 1250
857 2099
3047 3535
788 3155
2218 1658
2796 770
2271 308
553 141
660 1853
3638 427
1291 423
2956 255
3131 1716
88 2670
1526 3202
2185 2171
1976 3544
3735 1871
901 1758
502 1216
1928 794
3576 75
1031 1969
3677 2582
2057 2788
3230 674
2174 2437
377 2622
3487 2355
3199 2061
2238 1937
3117 2531
1020 2065
1962 1544
3246 3716
419 1156
219 1006
2220 58
916 1572
615 3245
863 3245
2454 3474
1667 1916
2435 979
2968 3088
1807 1718
188 3162
2866 3011
1788 3074
292 495
2895 1793
453 3604
747 893
2914 1316
1307 2066
3370 80
3375 1710
1261 1641
2202 3127
724 2671
1761 306
205 2856
1934 2888
1598 2961
497 1741
3521 2153
1476 3297
126 1156
3561 1034
3366 623
1003 2739
1085 2594
1263 3055
1720 2066
2266 2368
3104 3662
2866 608
377 1321
2933 2611
1555 502
19 875
1595 1421
1933 2815
1419 2549
650 1157
1775 321
67 363
1709 873
3450 2988
2691 2844
118 1376
1496 1977
3220 3750
917 2469
3189 1233
2371 2603
527 2715
935 1806
3134 560
2264 1083
275 1629
1917 2511
3719 2487
917 670
3601 3037
594 3730
879 861
912 1676
863 3164
968 2601
2667 125
3263 1700
933 456
961 3423
494 479
1955 2731
1931 375
373 1854
254 8
268 537
1791 2161
2953 39
1525 1404
1406 2944
1998 552
2146 3699
2482 2533
276 3704
1474 2853
749 162
1656 985
1567 2842
3457 14
2972 1737
2468 667
1529 1745
2443 3404
2553 3626
2546 928
388 434
1856 1944
1616 2545
1534 1443
584 3140
521 144
302 1661
691 2293
3162 410
2313 69
973 1089
3374 3683
3641 735
1056 277
2680 2532
54 1459
3424 3645
748 2593
3062 3141
57 2320
3474 501
617 3654
2925 2416
2629 3036
1669 1037
2209 2589
48 3211
2460 3277
146 3054
1253 2796
1810 3664
3343 2446
3715 3544
2116 1805
3530 2235
652 1845
2919 3269
326 480
597 3001
2517 2597
246 2631
2347 3581
1786 1635
675 960
2388 1482
2461 1906
430 2913
2953 3146
78 523
945 506
1945 2099
1046 2903
1592 38
219 1003
2873 188
3138 2756
2969 2877
203 1710
3187 2473
1480 3535
920 152
1134 242
1090 3258
1819 835
1826 3454
984 1758
2025 31
3581 1866
3633 3329
2067 2245
703 154
3087 3076
590 2591
2992 721
2305 831
3115 2656
1774 1996
2625 2732
1035 1289
1658 1950
345 399
802 1129
869 3495
3536 78
1345 145
2792 839
1802 1950
682 2711
2877 3529
453 2553
1292 3096
502 3114
2564 397
1199 3707
42 445
1965 604
1891 1960
3707 2925
321 3430
1206 3712
3509 2839
3553 3447
3348 2594
3491 2937
1645 2901
2683 120
9 495
1701 3586
127 474
313 378
3700 451
2052 1271
479 3277
2684 467
2135 3369
2015 3185
2018 1858
1132 1244
3147 1282
3390 2868
552 1520
574 2000
1131 2815
72 2981
2869 465
3178 2040
727 2609
3562 1213
384 209
916 3
2288 120
276 3345
963 2315
956 1121
3098 2598
228 1900
2647 136
734 62
146 1682
2315 982
1370 3210
1182 1448
3109 1961
2532 1125
3691 21
427 3511
2211 1679
1696 2947
2167 1489
1640 1048
1304 2415
2085 316
1217 2373
2091 497
43 294
845 3653
883 141
1542 1259
2274 2617
65 1286
2028 2341
1807 324
3226 2658
3658 2266
153 3723
1911 3630
3529 3375
978 1268
3743 2946
2084 1238
587 2621
3341 854
2162 1712
3343 2150
3018 927
2435 730
3487 481
95 2454
937 2731
1679 1326
1199 3449
3594 2113
1944 503
3245 467
1579 2527
571 478
3639 1788
1947 2344
483 1131
3633 508
2621 1787
900 1586
1302 1511
1981 2635
2189 1366
802 3153
975 1501
1131 351
2903 1271
193 2433
3599 2110
3278 2633
2719 2168
3630 2948
2099 73
1521 3363
2641 973
1376 1270
3157 3226
3291 238
316 908
3458 2834
1450 211
1395 3176
3010 1974
3277 105
1078 2454
1723 1561
1767 1628
2064 2595
1658 2299
2387 3498
1541 2773
3040 996
1799 3172
577 2079
368 1264
2287 3182
3106 822
639 2795
686 2895
3430 2243
1020 825
3252 902
2086 1148
3133 310
3417 2933
210 1804
241 2515
73 3220
3580 2679
3747 991
1932 628
1493 1592
244 3102
3319 3199
2970 1154
2797 3175
1886 3272
1680 3702
1763 15
1432 3045
1241 3714
767 1964
1336 315
3497 2708
3329 81
3066 2962
2165 3270
1685 937
3395 3085
1079 2270
2059 1420
2119 3272
1084 2343
2137 2287
1988 254
1828 1543
550 3411
809 3464
2437 3243
1007 2664
1922 3749
441 2812
3489 3402
2089 1424
1316 1412
817 1546
3507 1385
3711 3059
945 3306
2951 1468
2304 1332
2718 2790
1928 2762
193 922
2676 2614
1547 2724
2271 3297
2733 112
3730 2086
1750 347
2879 100
2479 525
2493 2475
957 2928
3113 1597
3523 3728
595 2172
413 2995
2419 2258
3441 1844
3157 3518
1192 246
3408 1486
3747 1577
1271 3666
2681 33
1985 2199
3619 1359
705 1319
730 2301
1583 358
500 3063
58 1809
3113 3466
211 54
1754 3292
2453 1323
264 36
2061 3604
735 1735
3610 2118
49 2956
3644 1277
405 20
1207 3295
653 3583
1015 2792
2536 2912
2795 34
3109 2259
3499 2129
21 2043
3481 1526
273 544
3667 108
2286 3744
906 2307
2151 3756
2421 3288
3011 1524
2556 303
1191 227
1643 2527
608 3179
3190 831
3247 263
3265 1502
703 2213
272 407
2973 2739
2167 1879
1297 1278
1016 1921
2602 734
2591 1100
70 220
367 2098
664 2086
1936 1335
560 2792
658 2073
931 2664
1499 480
3001 3122
3079 1277
53 215
3040 3256
3733 3399
1507 443
1247 2248
72 640
151 961
119 293
776 1107
1670 1602
3083 3200
1735 3422
1228 1371
3478 461
2692 3420
7 1944
2330 2193
2269 3708
147 2442
1197 3321
1015 811
508 1459
3428 3738
3556 2371
1633 209
923 1980
3711 2943
31 2817
3734 3624
1861 3638
225 2106
3647 3056
2077 1674
2459 747
879 885
1172 160
1760 2880
3201 10
636 1345
78 2949
1283 2979
271 1689
1836 750
324 2332
1833 3721
2547 1984
65 2004
694 3704
627 682
684 2006
1689 2872
217 152
556 3379
2674 1113
580 1041
182 607
721 458
1151 2864
3000 1007
3449 706
2722 2768
2017 3299
3023 510
278 2017
489 882
2637 2377
1777 2586
2162 1415
930 2065
3604 2544
2053 3449
3381 60
2278 3410
2408 3132
1305 645
1550 2436
3100 1902
2593 3265
3560 2276
2764 2128
2905 2103
1667 190
731 2361
469 1573
2955 3076
715 2652
948 1881
3065 83
2502 2064
2365 998
2750 2792
1175 2431
309 2483
2629 2408
2478 2633
366 883
2973 3523
352 1287
3491 744
2452 3464
1826 1216
3373 3601
2222 3051
1891 1683
2526 1444
3497 2075
2807 587
161 1197
1802 3591
602 1264
2508 915
1906 1196
1736 2199
3193 144
3414 2954
978 508
3296 506
582 3116
3704 2160
1268 848
186 475
1666 2276
2795 2466
818 3069
3236 1211
566 2082
1740 3137
3292 1607
1279 2328
3433 1274
2544 3248
1188 33
922 3468
2500 3354
751 3753
2260 745
2352 2299
322 518
2721 259
1484 2275
1429 3331
3388 2649
1718 3170
3660 2370
70 2703
801 2151
1194 3025
193 1390
483 2813
2815 3130
2026 3028
2029 2971
1308 2187
1036 3463
3057 136
1567 3266
224 1351
3599 1881
2305 2907
745 2290
1937 1813
1293 885
2524 317
1693 3665
3166 484
1870 3453
3359 2464
1334 1937
1668 2947
1277 2487
1308 1221
3601 3459
2402 392
1095 2461
1197 2700
1504 899
3148 722
38 1606
427 3412
1137 1728
3659 1505
3350 1226
239 3399
2134 2563
2810 1735
333 180
34 2007
943 3371
2461 2649
3311 382
1196 1
594 2896
41 3040
315 3533
853 730
2774 3320
1453 1944
196 2407
1113 3398
15 2001
946 1198
1616 2728
3349 1035
3302 3477
1584 3385
2474 1551
498 2801
2539 1864
2225 2920
2476 3380
3126 3063
617 2101
394 1438
3173 1346
3732 3635
2653 234
3116 518
2113 1881
26 1995
1279 2231
1307 232
1666 1861
1176 182
2755 2138
1434 586
1895 1939
3613 1668
3232 3559
2701 921
3531 60
1568 694
1419 195
3210 3247
1447 2129
3193 3010
3116 3574
843 3701
2633 618
3423 1381
3352 2970
2502 707
2653 3358
2490 3392
1397 37
1504 176
2179 1670
2136 1012
513 1878
2722 2363
2074 2261
1834 915
533 692
669 1777
3628 2282
1414 2120
1072 2813
1220 1778
3010 3487
774 27
2574 2214
2548 1532
3412 3703
3308 2299
1306 3473
3233 3475
1739 1174
3115 3168
2158 1088
1504 1805
3030 3150
3233 958
1411 1026
1267 1389
3186 23
453 940
3581 70
3386 1816
2178 1678
213 3356
7 2662
3259 424
917 3265
25 148
796 3629
2086 1772
2532 1778
2009 170
3276 3635
2515 509
2083 693
2671 2705
3736 1732
2201 1551
3083 1676
3587 2483
2385 2618
1349 1272
808 3097
1684 2987
1206 1045
2712 531
1938 3407
1892 365
2235 1290
1442 3175
3314 2947
547 2799
2920 1519
2156 10
1498 3176
2569 1723
1592 3336
3312 39
253 2297
1728 374
2413 2206
2398 3299
770 1574
411 2494
2426 3096
3064 3696
3082 945
1934 2720
2386 2383
294 424
456 3568
249 1555
1114 1369
2103 1842
1699 550
1993 240
2201 1482
3090 1311
633 105
3648 2886
2844 3104
1135 1460
3347 2846
3413 1149
122 773
2273 3708
762 476
1701 2725
2758 1553
521 889
1148 3498
1884 2882
2397 3657
1205 2232
3288 715
2689 277
2179 1990
1262 1427
694 694
2310 1817
2405 738
1151 2310
2338 975
1908 137
1440 801
582 264
3232 3399
3599 1425
3077 3461
567 1383
409 305
259 894
79 489
2379 2153
1192 729
1872 271
2896 1644
1562 327
2149 3441
1356 2132
2018 1728
1665 2979
2343 1296
2253 1931
1289 1802
399 1766
3375 2478
2063 214
1589 555
157 1131
3602 2542
2971 531
1648 1776
855 776
1375 898
994 2247
118 2424
929 384
625 2089
898 554
1086 3034
1907 3039
3591 1093
1787 1325
3234 428
1940 628
2960 2785
3182 394
1130 1472
3728 2471
2415 2825
1999 1369
1577 945
3328 3447
242 445
2653 2813
2678 160
790 18
690 2748
3519 2498
2688 2047
486 2372
1009 3704
1460 1938
2020 2744
102 1133
599 1321
2480 2514
1132 2531
1838 3017
2560 1475
284 397
419 177
2349 860
3186 1473
921 1148
415 1333
1040 2530
1518 3108
1220 3609
591 852
3566 1928
1807 2194
797 2738
161 3117
749 2898
1297 3214
1917 2857
2689 3016
522 1511
1351 3347
555 2672
3572 3153
1809 2267
468 3251
2294 1304
728 2267
148 1149
1875 2673
1618 3484
880 1882
1235 3397
1141 2261
424 1929
2932 872
1213 166
1748 2486
3129 1510
2002 2217
857 2193
716 838
455 214
1220 1028
2153 3645
2075 482
2745 2612
189 1426
2164 100
3739 2576
2695 2689
994 974
651 1905
1013 1435
158 107
3693 3315
3428 3292
271 1732
520 560
240 3700
1424 2777
985 21
3605 3396
1596 731
2487 662
1304 3592
2463 1991
1839 232
2609 3162
3070 508
1914 2870
3188 1337
315 63
2183 43
3623 2348
1471 800
1376 602
2996 1527
2862 957
199 1869
750 740
3534 1507
2123 2670
3438 2151
352 883
3176 863
423 1399
1745 2814
630 1250
1846 1926
3721 3296
1464 273
323 1354
3151 2356
710 2634
3257 1370
3519 2160
3245 1357
1262 3255
3712 409
2643 34
483 518
1974 3283
1503 747
2846 1583
1530 930
2211 873
2082 3096
1794 145
1115 550
188 3415
3209 3475
2473 962
867 2426
2425 1462
1255 538
3089 1267
1426 1166
1215 1946
2239 740
24 276
694 985
1960 2408
1803 1168
1827 308
3618 650
1446 1478
303 1531
2246 2510
2126 540
2867 2287
427 1188
3594 3186
1675 1342
3216 2948
218 1790
2852 443
3563 3677
2297 1777
3025 1422
1253 3301
1832 335
1150 2048
1069 1566
1419 131
1599 1250
2076 3051
309 886
866 1857
3401 1228
2948 913
1676 3265
2330 82
1874 224
2366 2299
2992 902
3128 210
1916 1000
2771 687
2428 1315
1798 1218
1589 1104
1298 1223
269 3677
947 3613
2653 3345
316 2006
378 1087
684 2478
384 1957
1234 818
2132 1517
2061 3615
1865 790
1 2146
3435 2959
1764 3595
2319 1249
3488 3099
2073 3203
1751 1402
3279 1609
1158 2785
2303 1931
2319 1569
854 3304
3340 87
2982 1975
2268 3216
1958 759
1181 263
2630 2380
923 1355
3266 2309
18 254
1389 626
478 3068
1134 2591
1468 2781
2199 181
847 630
1646 3648
2744 2894
3449 2618
1503 2034
2445 2503
479 372
990 1905
2236 1448
2252 2804
2224 42
671 976
3502 1861
817 2430
458 3028
2136 724
2111 507
590 742
993 2853
2881 1424
874 20
400 468
3099 611
2104 2017
2248 2238
3738 1643
3015 218
1911 2864
2062 1383
2145 1132
1008 2775
949 3555
774 3557
883 606
3677 441
2898 2030
317 3748
903 1287
925 99
3696 3692
3026 2129
2386 557
2940 2079
2118 3185
1613 7
3632 2219
2985 1058
2339 855
3382 1119
1130 2814
2420 3228
1998 1943
3370 945
1939 2021
1985 3329
3324 1403
2398 3233
807 3425
1678 3697
2355 1352
2674 2472
583 1397
3275 1597
2375 2262
2635 2744
2065 2251
2948 2151
3413 2182
1557 409
2083 1022
2392 3484
1021 971
2012 354
2322 575
2639 3386
3205 2419
1295 2472
3306 3661
454 3430
3413 1220
2226 2877
2729 2194
2594 540
924 2492
3517 2426
1943 3015
2671 1319
2425 2331
1337 194
3220 12
408 1915
2171 329
275 1275
1720 832
1512 1498
310 2864
2553 773
1853 2177
3173 3231
3160 3427
1850 18
2954 1157
3571 1347
1825 185
2067 3415
3094 3411
443 2944
2885 3204
2230 3095
254 2133
3075 3542
2496 1712
452 3527
689 3479
3391 376
3564 1736
3030 1737
667 333
3301 1691
2736 3495
3622 2595
2491 2003
282 1756
1056 880
3688 59
1954 3381
864 2612
2952 3551
1876 438
3373 281
2228 1223
1341 3147
2729 3472
3709 2817
2153 1447
2412 3490
94 3605
3442 1141
996 1561
896 3734
325 672
1775 2561
1115 547
2817 1696
2711 3407
1908 2952
3067 1340
2735 3209
1811 2754
1061 1442
2186 664
3670 3293
2275 915
1011 888
2608 2907
59 3135
3614 3575
686 2943
1621 15
1551 1151
3221 3577
1850 2509
3231 1176
980 2542
1696 1591
702 978
1349 3503
2 2464
1370 2662
1824 1501
3141 3740
1500 769
119 1979
397 1994
1350 149
266 745
2037 2678
3614 813
3139 2420
2628 3729
724 482
2013 3011
1478 464
1040 2075
1505 613
3256 1702
2605 1934
1761 1687
2 42
1196 795
1196 1835
1733 3240
958 453
950 1429
974 1746
394 1602
894 443
802 2112
629 2365
3472 1505
1800 571
1655 3509
497 3286
1924 2557
3079 3119
3372 3490
1392 3550
2736 2526
1837 1760
2152 2121
153 1832
3221 767
2029 2688
2960 3164
2792 3276
3545 326
3480 2948
3517 3352
1971 1695
3263 2343
383 317
3308 1707
3013 3063
475 3145
3149 1272
99 1659
190 1879
2139 1420
2147 243
3551 1204
2916 1171
724 3003
3238 3432
474 1710
3201 3714
396 2077
1521 682
1661 228
2757 2240
2685 2086
1408 1684
826 654
1731 2471
2292 2984
1975 2458
2625 663
2035 188
25 692
2834 3322
2338 1905
1423 2607
498 2226
507 2193
3432 311
1723 2890
902 936
2623 245
596 2177
3735 821
230 2838
159 1133
3446 2531
543 3363
134 2651
2579 1549
1633 1414
2770 2468
3537 3084
1587 280
2172 2537
2965 2434
130 1873
1002 2470
1464 2411
821 777
264 3459
1569 1910
67 582
2335 2307
310 2179
1937 668
1284 3364
128 1045
1077 3049
848 3437
2019 1516
2328 1671
3338 1348
798 1522
2180 2162
3215 1184
1641 744
2574 1477
159 2923
2896 1367
1224 483
1090 3543
781 43
1836 395
2949 1697
938 2867
1409 227
1258 3294
1253 997
1364 1307
3296 727
1514 2644
2846 548
1647 1641
2235 2252
2034 2496
1984 2187
2371 1100
1065 33
1098 2951
1174 472
227 3114
3659 828
2797 3456
1938 1780
297 1307
181 2658
3071 2655
2820 1457
1855 1613
114 2197
701 2720
1 3756
2737 1342
952 2219
414 3659
1497 356
1706 1712
3133 3285
3602 2213
1277 540
450 1384
1353 2823
2313 783
3261 2931
1629 2986
335 1211
506 2603
1451 3063
3753 929
1305 2346
2059 126
2565 3324
861 1305
3386 1130
2229 1054
69 2018
2371 3133
2328 301
1126 3114
2250 515
527 577
2524 2755
2211 141
2959 3018
350 940
94 798
3204 2870
1254 2609
934 2770
1071 1229
3452 2622
2611 3582
1288 3360
701 2150
2909 401
3261 2296
2301 3022
908 2442
1463 1066
1358 3368
3484 401
302 1631
2877 2465
537 3501
837 3257
1220 3102
2891 2052
3288 162
2039 602
2425 2817
1045 309
2988 2456
1525 331
3505 2111
2579 3610
1296 1009
1617 3277
1096 1169
1685 1272
2431 1498
2324 679
2574 391
171 447
3236 529
1444 2742
570 2455
1300 1429
1539 3649
271 2304
971 643
3707 1020
3569 1383
2363 859
892 1867
1219 3507
2818 2625
1825 3438
3289 1219
2960 2599
33 2928
3504 1938
2406 1008
3408 233
2488 415
3565 2066
3208 1948
3746 1962
369 1909
2485 164
3176 2083
995 1965
1060 409
3477 2586
801 2666
3459 3384
138 3179
2043 3671
77 3736
1134 2728
3755 1577
1354 3022
1662 1746
1902 3307
297 1102
897 1573
1401 3653
1529 567
1712 168
2606 1760
1897 746
1089 3254
1342 352
3354 2822
164 482
2512 2800
737 331
2045 3216
2413 1585
2337 3372
559 2488
3059 2191
2693 3591
3337 2713
2792 261
575 1304
389 714
852 1019
1167 3661
2227 1529
3573 2009
200 2957
1122 1323
1723 868
1274 1871
3488 3009
1858 2961
191 1751
917 2970
3673 2695
2624 1088
2723 359
624 503
3254 1597
732 1375
3393 1082
3040 3137
759 1200
2401 2661
279 163
312 3498
2763 656
125 3275
367 2403
2853 993
3171 1631
361 2262
3334 2594
2237 2441
1016 758
1116 2084
771 1948
2666 1663
612 3562
3556 206
1040 3704
3683 3224
350 2265
2166 542
3318 1286
2397 3502
1228 906
1688 1063
1672 1867
2032 2777
212 955
1992 2081
3478 1996
2088 71
891 35
1966 1852
1512 2714
1250 1426
1150 2967
691 844
3490 2715
2324 3668
2743 531
919 3623
2822 3095
1402 3003
1460 1889
3261 1403
2491 3484
1360 1737
42 285
811 2007
2048 1293
2837 3167
2818 597
2460 3201
1739 691
3704 441
2088 3672
2326 1063
1512 2922
3287 3339
2076 1226
1745 2210
2699 2022
630 3256
1183 180
749 435
628 538
104 2053
2183 2427
3446 389
3569 3489
1735 2238
2931 1671
2052 2272
1414 1429
1983 1124
2849 1656
138 2997
1790 2906
2259 3220
1534 1354
1934 2819
602 2212
3322 2857
1135 1921
2211 2904
2928 3066
2647 3677
1228 83
1453 1678
703 3067
1429 1733
1571 2207
259 751
3389 681
376 2098
1890 472
607 534
527 3066
2988 2881
3275 414
2899 917
1761 2918
1410 1869
208 1202
1148 2316
2412 462
2111 3123
1198 1709
831 1096
977 2917
507 787
3485 1703
3223 2524
202 3571
738 440
2936 298
2778 2432
1319 487
3544 1327
1578 2278
1667 310
1202 2455
3270 561
21 20
3031 2133
1575 1695
2814 1081
1599 2461
1358 2735
1143 3539
3566 1138
3439 3082
2096 3557
1999 1342
293 2769
2151 3614
1597 3451
3710 51
2239 3404
3567 2740
3743 1985
970 1144
2887 804
2949 159
214 661
2949 3160
903 775
2915 1862
1757 2559
1410 2740
1987 2355
54 2437
659 1735
180 3260
813 1615
3261 463
2819 3713
3713 1585
1094 2283
2115 1582
1061 367
1603 900
3156 3048
2665 3531
1112 389
3632 2573
1358 598
2452 1328
2030 2414
3429 3011
3452 1418
1651 1816
3130 854
2230 2036
1709 492
2642 3019
316 2306
1406 2635
3548 1412
988 1611
1170 1791
1629 3436
2079 3162
519 3466
2515 2302
2447 3208
3087 981
1766 2182
1903 1880
3690 1875
2454 267
2512 1211
1646 2279
1496 2195
3038 2705
1529 1466
615 3299
1 460
2606 1841
3634 1360
992 107
1296 10
2359 1055
1011 1570
134 411
43 2893
1152 1797
2323 3044
2476 2101
2278 2217
86 1289
2229 1002
2877 2763
3288 3722
3380 470
1436 1514
1320 3084
3028 196
536 1679
1168 2040
1698 3630
1986 2043
1850 1948
1594 269
428 1335
1068 424
2018 340
95 1101
2492 197
1453 2540
423 2870
3264 903
1445 320
185 680
274 2849
3403 551
384 2067
1785 2844
2714 2217
1933 2120
1278 541
2105 3658
1775 3117
2776 920
1849 2387
154 815
2447 708
1573 1028
2390 693
3550 2843
3270 1300
1294 3216
1409 3278
1792 912
578 3512
214 3192
3267 240
3164 2204
635 3174
95 461
3643 798
976 2255
585 3461
2637 950
1399 1102
2864 1617
1940 2600
958 2236
2166 2454
550 2202
1862 2604
3661 1428
54 2875
1080 1254
2030 180
3457 1744
1447 3132
2861 2461
1478 1183
2772 2581
3343 3510
235 3519
1553 1650
1964 3164
3434 241
3749 784
2179 2872
2480 1146
670 335
1507 76
2605 1261
2940 2628
3691 3475
1725 754
172 2282
3642 3036
509 540
222 2801
2627 2417
438 2941
1954 482
1803 2383
3388 47
2454 1827
2145 2934
2062 1298
2988 136
1255 823
1548 3376
2074 2861
1151 1635
995 1152
2960 2875
61 291
661 3450
828 870
2963 3098
1073 2855
1764 1426
2273 3005
2184 2714
1861 921
122 2817
1320 1432
634 1230
2101 1905
223 2193
2002 3529
331 1630
2439 3097
566 737
804 2638
2057 3155
1403 2668
2922 2516
685 103
1330 1074
1756 3668
940 2147
1556 2368
2369 2571
3528 2366
1215 2460
2402 1531
2299 379
2309 3267
2617 1675
1886 3678
3499 1794
3173 308
3179 1136
1763 1625
571 3401
479 1015
1474 2576
1791 1428
1518 2335
1610 3708
2815 3721
1223 3631
2180 22
3563 2346
640 3027
529 312
1958 1276
3139 1056
958 2267
1861 1801
3173 3023
3269 2343
60 2843
2602 2942
1416 785
895 2757
3529 2399
534 2218
2190 189
147 2910
1923 209
1431 3299
1144 962
2384 943
1045 2777
2978 3215
1849 3000
1362 586
1685 2687
2473 1530
3642 3106
1738 2071
2986 1840
3313 210
2182 1815
1263 2608
2005 1695
3685 761
1458 2144
2050 974
1608 329
1776 3211
2317 2248
168 3518
1306 1974
2013 1098
2191 1315
131 1354
3595 3017
377 244
3410 3406
3715 479
3301 2246
1204 3507
1890 1503
1003 1218
317 3256
225 2600
1071 2013
3324 1337
1645 2278
1891 2891
2395 1248
604 2535
3019 786
3684 2662
2789 1559
2359 1274
551 1775
3440 330
247 3177
1211 3335
3690 689
2175 2291
2057 1710
2428 1737
874 3366
1888 798
2589 1361
1621 2218
414 2146
3261 2357
431 1926
2847 2940
1078 2873
2918 2362
1009 3613
3713 1701
164 2938
1959 476
2778 25
2991 3340
3726 576
3326 1790
610 1689
3541 1806
1543 2042
1172 2825
622 1089
2439 631
2022 997
1422 219
3524 599
960 2677
2690 1173
2067 2237
2548 3065
1940 1366
976 1212
2394 3415
121 2138
747 3473
1530 3420
3090 2295
160 46
711 1036
2062 3592
991 181
1832 783
759 2331
62 853
1366 1102
350 759
869 1979
686 2842
3586 3654
2464 327
3630 606
1640 1991
1292 305
1956 3550
764 1081
1449 697
3719 1498
1860 1114
1236 1370
1182 1334
290 1600
1664 3024
2698 1218
2808 3055
2812 1845
3183 3275
1266 3558
2499 593
2693 1564
31 1491
3602 833
330 575
3468 928
2778 1488
1789 1770
292 765
1814 611
3628 1649
1242 1932
3160 1448
2250 1281
945 2688
773 2265
3411 3588
3171 2377
1468 196
748 2266
3455 222
1193 1381
1015 1633
2687 1513
2773 3058
2678 3681
2405 3255
1388 1373
2414 3216
2790 3633
2627 3292
263 983
3310 2628
99 1934
3698 3064
1966 1128
2325 1745
238 2009
2250 1226
2421 2015
621 3198
3533 1792
2455 475
2465 3362
2078 1319
3603 3065
2066 1608
741 1538
3044 1669
2502 3444
2912 2497
1555 3617
439 2424
1000 2276
3670 1134
3680 2714
3295 1400
1676 2725
479 1748
1946 1786
2693 2484
3170 1014
244 1842
1764 1516
1694 1573
2720 3279
3354 2401
3298 1320
1373 674
3684 2804
409 3226
1363 1928
965 3173
2048 1604
3713 1848
2455 2355
923 307
1390 3065
1398 3580
2903 1469
809 15
2529 3058
3376 1205
2195 305
2521 321
2852 73
2971 1150
1753 2642
2306 888
1397 3286
1188 501
650 3586
812 3511
2582 2601
1503 2200
3127 648
1329 3713
62 3329
3332 3002
1663 1147
1066 80
2224 1485
2790 1047
3124 3742
918 378
271 1823
1557 2753
2017 982
325 2920
842 1279
1542 2150
2305 442
1386 1384
3540 3187
448 3606
3528 3501
561 150
2838 1196
2327 891
1672 3272
299 2872
1654 3309
1237 3377
1648 2643
3729 15
3403 2873
1508 2364
3382 208
1068 607
3222 2849
2866 1323
1770 2936
1308 3073
3442 281
948 2347
1596 25
766 3452
1910 929
174 3544
2963 2523
3272 1451
565 941
2973 3285
852 2007
2890 3313
2786 2435
1546 850
1277 123
786 1609
2638 1749
665 3131
2234 3397
2926 1341
1083 1059
85 2977
556 3261
2652 784
2472 1078
3208 2687
2112 1499
801 1475
636 3684
265 490
3522 3024
3284 1191
165 280
1485 107
1839 3253
1913 2005
314 1388
2358 3500
3699 1683
2666 187
1205 2427
442 73
1816 2139
3643 1461
1502 1984
3489 3098
2416 3446
3362 317
3287 3322
3739 1769
1272 656
805 2486
2010 3231
712 1733
2440 2976
208 1386
3665 1789
1653 1435
994 917
1079 929
410 1154
1046 1364
1170 2296
1411 3601
1674 2386
2897 2591
1989 3528
500 738
2312 2928
1608 1315
1687 3589
3748 3620
1239 3343
928 1050
1953 3123
2988 1591
2223 3579
2215 3253
2252 3482
1122 2722
3616 3337
992 553
1269 2571
3679 2494
282 3493
824 2971
2677 3584
3453 2351
1770 3303
222 516
1975 818
3151 975
3190 1546
2325 2737
3649 3588
1478 1435
518 1440
577 784
2456 194
2324 872
2503 2150
3016 3510
1258 2778
1783 3670
1052 263
2626 984
2268 1677
3723 2061
2305 1390
3606 2494
2785 2916
3563 3641
2871 2961
2200 3209
3395 3713
1749 1213
3058 1515
1384 3417
2553 336
1754 189
2702 2566
96 2037
2239 2528
2555 3617
722 2439
278 1929
158 2661
1870 763
2222 2076
1178 1491
2435 3668
1508 1350
495 458
2030 1291
2970 2656
1383 2028
2969 735
2969 2098
2838 809
192 3097
834 3394
745 429
1938 106
627 3450
1743 2556
2496 3328
3663 2612
869 3603
2959 1126
2627 938
588 2323
1541 3269
3114 3540
2559 2200
825 1148
1644 2426
1338 1630
1630 3333
3178 3183
111 1556
3182 2687
2375 3678
461 526
818 3734
1914 686
14 1434
1039 42
1889 526
3340 2408
643 2897
3613 2012
2139 214
3175 1003
504 1098
3728 2124
2534 1512
455 3543
1103 1792
277 296
1690 61
2424 2285
2016 1183
3463 1794
791 1131
2854 1918
2363 2271
2184 915
2879 2953
3746 2851
990 1926
1088 1599
1831 3261
3425 219
1822 2805
3591 1338
1840 1517
349 881
1870 228
1927 3658
812 2801
2125 287
1278 3436
79 2984
1439 2890
2619 2166
1126 71
3016 503
3372 1983
814 3064
910 37
1268 1362
2526 1726
3557 2761
1048 1070
2726 140
792 2938
518 919
1823 3006
3580 3344
1651 2973
3102 789
1979 66
3729 1831
828 3592
3349 2042
1691 1435
1050 264
201 1983
2200 1180
1515 1004
3371 1352
926 2489
3681 627
2796 2911
192 1359
347 3269
3164 2794
2965 3651
1665 3114
295 2997
3468 2333
1440 547
2232 72
1183 248
1591 2909
1831 3115
1261 2771
2646 923
912 2290
3529 2684
314 2414
1895 1839
541 730
1076 3163
538 1611
2802 1136
287 22
2416 1840
1990 2026
2467 149
645 159
1746 3119
704 448
736 1419
1985 1069
2708 327
2071 160
2510 913
2318 1025
2722 654
3058 1004
1505 1354
2192 2725
1415 3672
718 1293
1986 3747
430 1785
3071 2521
1197 3146
2210 1739
383 2506
2634 30
3417 354
2394 1109
2607 494
2938 739
543 44
1625 3573
1776 3017
2694 3218
360 535
3423 2258
3333 2150
3484 3248
1225 1737
2945 1133
3531 2789
3443 3670
1212 1085
3103 2567
3001 1054
2556 2443
3237 3260
1189 2019
585 1895
3353 1763
2948 949
2522 1711
2374 2178
3281 342
2441 434
3298 1656
1918 2180
903 396
502 1808
922 3183
881 3354
2829 1421
3545 1892
1842 975
965 200
2335 1610
2323 1840
3548 3651
1926 1137
148 2212
1399 3113
470 71
1219 811
2805 3182
176 1726
1966 3257
3468 3718
2460 1721
1863 2313
573 144
2038 1305
3384 3417
1672 1353
1425 1894
928 2632
1686 1158
1750 1180
2971 1681
2366 1424
928 2061
2182 789
3521 2986
3489 3725
3077 753
1082 2082
2219 627
1102 902
1068 1345
3180 586
1403 2271
1547 2741
714 3197
2192 1146
138 936
2081 865
2902 3173
2119 1643
3601 760
2632 2883
3143 3684
1785 2921
2209 1052
2115 833
1707 1708
236 587
2913 2677
2497 3525
1310 2942
1672 442
791 2213
1496 1547
2641 462
410 2768
2886 2576
3446 486
2194 3124
1275 1515
481 3611
682 3388
1781 275
3544 2215
479 1323
3562 1972
2649 1318
2096 270
1526 2946
2694 2116
3149 2811
3034 2789
3702 1279
3463 727
2749 1533
56 1928
3199 2731
2150 547
276 190
674 856
869 1703
2722 112
1940 2212
1736 3033
1693 634
2805 3431
1177 1121
32 583
871 2345
3158 2654
98 2959
1624 3395
2250 2666
352 3379
1293 1684
369 2283
85 1560
458 1423
1618 2542
2602 986
696 1167
353 1409
2429 362
3173 359
2038 2667
3427 582
3601 2411
1877 2267
3346 3249
2251 1343
3718 445
2124 204
642 3451
450 3253
2730 1945
3436 903
3395 1999
3155 3603
274 1386
1725 1420
1823 2232
3610 3502
2933 3449
1145 3405
2179 912
1257 366
3194 2968
1551 1233
192 1917
1730 1717
1942 3516
843 2099
2155 1580
3612 2060
3597 1128
354 2792
492 1716
2324 1019
2622 1701
2778 1143
3107 101
1399 3658
3646 1602
2727 3128
12 2876
110 811
1945 2357
3341 563
3340 689
1646 351
368 3605
2477 2617
2856 2873
759 2043
1650 1039
3046 2785
3381 2793
517 1391
3192 2036
1933 3384
3105 2780
1979 1066
1218 2340
3106 2333
303 3531
2688 772
273 2202
3201 661
1570 1600
2650 2699
2247 2812
1726 3276
3551 1641
765 3059
2475 3490
3162 3216
1098 3202
1036 2739
2157 197
1572 680
1874 1326
1627 3010
3184 1110
623 592
742 102
3422 3340
1709 1174
3281 1193
1660 1354
2875 778
1750 604
1331 1746
26 233
2497 2526
2000 2695
923 505
756 1854
1505 1232
3518 2565
2743 1250
2303 229
147 141
214 92
2796 3144
248 1282
2461 3613
482 2782
759 1936
3419 162
1483 3327
2930 1100
3693 580
2121 2550
3014 467
2413 3551
358 2930
505 3034
1362 2793
2845 1487
1756 824
1658 3148
3419 482
2684 2610
832 740
793 2955
313 2444
3631 1767
705 2958
431 1989
1621 2268
2204 3681
1482 1569
1406 3527
3415 3506
962 2668
1981 2155
588 381
521 2435
1835 120
1503 1155
1985 1821
330 762
1866 1748
787 1039
1699 2232
3307 502
41 733
2055 2710
3514 1848
2838 696
1155 2124
3453 838
1528 858
260 844
113 3061
3037 2565
2554 314
252 3113
2827 3739
2229 1321
1159 2029
575 2222
3200 1712
169 837
3468 828
3273 2965
789 2721
1704 225
3683 2540
3398 1995
2103 77
3426 1916
1768 3748
2494 2093
1023 26
3248 2785
2444 3143
3599 1729
2852 2178
331 1899
3041 2011
1194 456
2868 2405
821 3212
1190 2592
79 627
23 1809
2729 3313
2136 1844
2805 2918
2974 461
469 11
1271 1049
3036 325
2504 3563
1155 2567
261 3188
3001 1266
2387 372
2417 2299
2181 1102
71 3708
193 2503
2526 637
2111 2991
53 1600
749 1935
2248 2806
245 3311
865 2821
797 1790
3588 1356
1492 2220
1274 2600
290 360
343 3541
2996 2580
2913 1383
1743 3656
1382 2879
1409 283
1590 1780
1618 1805
784 3097
3698 3583
2341 3448
1611 3659
2086 3023
2501 1117
1572 2712
930 838
2426 1576
88 1207
1886 3262
838 2138
2767 3231
1707 2663
3228 1351
3477 3022
514 2216
3524 2369
3141 2549
1679 3651
206 661
168 3137
1050 1909
1278 3641
475 1642
247 3002
2095 2333
574 2768
2958 2162
430 1485
713 466
871 2007
1008 2335
650 3264
1983 3543
767 2049
3660 1594
312 1143
1569 1796
1935 2891
3495 2273
65 3323
3064 635
2413 2479
426 2616
1594 1874
2226 2884
2299 3491
1578 3682
148 3136
3260 3147
1776 778
2626 156
2545 1734
3496 1613
2209 1013
2990 1512
804 2442
1445 2578
1304 3582
2280 2639
2547 233
441 1002
602 2466
296 3636
3459 3516
333 2623
1649 2032
2776 3617
2990 3516
3087 1075
3386 3709
768 2094
2708 1601
2329 1437
2778 106
210 3419
1688 1334
599 211
100 3114
1409 1702
736 2607
2418 7
3312 224
336 1193
2036 295
391 1494
2270 243
2291 2899
3711 3553
2443 426
2719 102
3053 2062
1504 3474
1701 282
1549 1462
3228 2729
2436 881
476 2310
2858 2117
2305 3483
1298 2428
7 1227
2509 232
105 883
3639 796
3668 3357
920 2265
63 144
2427 2605
1388 1937
1373 1806
1760 3025
27 2412
526 970
2813 1777
2168 2697
1631 2892
2628 2836
3291 2773
2299 152
390 3331
2773 1041
1924 1268
2314 3749
1569 1029
3037 1710
3578 135
2983 3517
499 2272
1728 869
1872 2980
2582 3129
1726 3367
1533 1406
1446 2279
1622 2925
2485 2953
1872 2098
429 2821
964 1220
2480 1622
176 1922
122 957
1195 2455
476 3599
2302 2632
777 1286
316 1943
362 3486
3416 1645
3646 2449
3428 94
2378 159
856 3192
1358 2412
2943 2004
2010 902
1225 634
3071 3009
1894 2559
3144 1099
2989 702
966 2474
3533 40
1607 1247
2518 455
1338 2430
328 1483
58 344
3718 3116
3490 1309
2102 1312
565 1118
169 681
547 2953
2385 2013
2984 2087
2245 3313
1070 2036
3088 2150
1342 1730
1051 1079
1300 3257
1037 1436
2942 2904
345 3618
2961 3266
2053 2771
2858 806
3027 1681
972 846
3662 3311
2181 531
2537 3654
945 2477
2785 1871
1932 64
1400 391
1826 3182
1517 1035
1082 480
2777 2546
1757 1381
2135 1606
323 3012
1092 2101
1859 2824
463 1467
2819 2848
2064 3260
2083 2114
1267 1755
1559 2176
3107 871
3472 13
1091 475
560 3466
2647 1155
2926 1771
2802 1732
1850 990
2734 3045
1816 3495
1146 2502
3092 899
1302 1499
1784 2726
1101 262
1551 138
2946 2259
2252 1710
2309 3199
1131 337
2822 3672
2407 367
664 2048
596 1827
692 932
780 2393
1185 687
1283 1690
2330 1478
2958 719
350 1791
1967 3222
3678 360
661 2199
1852 2578
1076 3418
2862 1884
2630 893
3705 332
2096 1034
2416 1574
2717 2255
2324 3412
3150 3654
1245 2771
1325 2494
2145 1914
2111 516
2126 282
1993 424
2132 3388
3134 644
2153 262
3338 2807
2084 2293
2295 1226
2274 1929
3123 1245
529 2154
3332 2669
2599 1942
2031 174
3278 1103
1804 3501
1273 1836
398 1284
3661 614
271 1785
3105 3591
2376 1286
2306 2571
1503 2604
1793 1606
3090 991
1656 1291
834 1210
3203 727
3533 628
467 725
3377 377
58 1880
773 473
3670 3015
733 2686
3698 2954
619 1258
1793 516
2367 2339
392 1486
3037 1525
247 990
109 2484
2949 1224
265 1522
3107 1860
1595 68
1982 1987
2444 3520
92 1459
3670 85
3419 3369
3115 1342
89 2963
996 1739
2881 2277
3317 3070
2645 1053
377 1102
1673 188
863 1780
1322 1884
1408 1060
956 1734
529 1938
3092 2941
2261 3358
610 3156
611 3035
2740 1772
2861 3166
2587 348
2983 908
3572 2128
3344 1885
647 962
227 2769
1987 3340
1188 841
1973 2417
2161 1203
32 2000
91 3016
2144 3650
2755 199
1621 3539
3412 2651
1201 16
2896 1679
2327 1623
669 1507
2030 2204
2435 2006
2963 2774
1273 1898
652 3314
3338 1791
2822 1161
1827 3539
2736 2177
656 1098
1790 414
1359 1884
3635 1117
1215 283
744 767
1315 3050
2512 1904
2626 243
1099 2712
1433 1524
892 606
3020 33
1111 1418
2779 3690
752 2635
1722 2774
210 3680
1426 66
2380 2969
2373 2921
1907 92
1544 626
1239 615
1167 1904
1877 656
1335 762
1043 659
518 1848
3682 3112
3104 2618
1762 2869
3527 3680
1454 3008
1720 2264
1970 996
2934 2704
1690 216
3070 3015
2226 1402
375 48
547 755
3712 3331
1972 1240
3534 1741
3566 786
1930 3381
3231 1025
938 2126
1589 2332
567 1337
834 2351
44 1686
2784 2290
1101 708
1555 2657
722 1951
1784 3595
2828 3369
1659 2439
2122 2487
2970 2769
2135 1999
1149 3162
3438 2140
2224 3500
126 3739
1564 3573
3162 1384
2661 323
1421 2741
3318 1074
172 2505
2985 995
3601 3040
1717 334
2205 102
2170 390
3691 1849
198 1386
1657 1099
3733 268
2314 18
3696 1278
2053 3647
3197 2611
46 3032
1140 1733
3085 2785
1798 2693
871 1259
1872 30
825 3600
2586 1753
1190 1066
76 1470
3626 2057
2591 2936
280 2665
2020 2275
553 2889
530 1500
2624 764
3638 2268
1704 2374
2091 1371
765 3062
2579 2326
2133 2117
331 2941
2781 2787
1783 770
1826 450
1053 1066
555 2394
3160 3027
3447 636
2411 1872
1515 2510
2791 2533
1043 1576
1099 1511
780 2190
2000 2849
3493 1668
1964 2405
3394 2095
2280 980
3706 570
3548 2001
220 2210
701 851
1135 3182
365 1882
3502 2987
1000 2050
504 3247
1600 1828
2553 305
1504 1431
1629 1584
3244 3743
3489 3033
608 663
358 1208
2000 1809
2773 3727
3581 2190
613 3191
1492 1446
93 2116
1010 3043
2936 3180
2468 1846
775 380
1246 3453
2408 237
2502 1708
909 3089
1419 1340
970 469
3142 2236
438 619
1120 2116
1081 213
1555 1985
3506 3133
2076 617
2139 2464
2720 508
3620 2673
2593 911
2611 388
2855 2272
3531 2250
2746 1741
2146 2162
3259 2307
38 2722
1993 2812
884 3016
2226 2169
1775 1168
281 444
1624 3686
92 3563
2063 1777
3443 2685
89 721
303 2608
2426 1566
2560 2259
1990 1676
2902 3387
1702 1203
546 1395
700 2264
2642 3264
2333 2243
381 906
3365 1821
2600 704
2235 1033
604 3599
3574 759
3095 3637
19 2925
1660 954
3129 2690
3099 1088
1350 1854
1330 2403
1334 498
288 3718
635 2653
1102 793
1624 948
93 553
2081 2605
1700 2903
683 3514
531 3194
2111 3242
1935 5
1191 687
2986 2842
2599 3062
631 2473
2572 89
910 2636
3452 3632
3282 1390
3428 2874
2980 3707
952 667
3535 1488
259 2881
1724 2979
1285 599
1838 2868
841 833
1281 3656
586 2607
2767 2721
1919 64
26 3576
2955 513
2039 3729
645 1873
1533 2138
2582 91
1313 298
2937 2825
1609 1000
3162 313
351 3126
2036 1779
3203 674
2547 2944
3728 649
2263 29
884 1259
950 384
3643 3623
3023 401
42 3468
3483 507
3199 221
3136 1892
2205 477
1618 1897
219 2371
2539 346
1951 1214
1350 2102
3258 2586
1588 2545
2375 3656
3215 833
1551 799
3257 284
155 3208
86 3094
456 1046
964 3535
1825 1068
3007 1320
3597 2852
1128 1571
2597 3291
1121 1638
705 2776
2464 1801
3067 3653
626 2381
1511 1423
3262 2722
3541 1884
1582 2061
812 1277
49 1605
980 3587
1759 614
758 2522
3371 790
1998 1865
2738 709
1275 703
1775 1691
2035 1772
3407 1302
438 3002
56 2930
3563 3014
1483 3292
1137 450
222 2132
2799 2312
2175 3213
2595 1323
3643 3491
2035 2723
26 3046
1443 2870
1885 3210
1746 2249
2622 2945
2675 1642
2703 2514
2026 2405
1156 3685
1 1104
242 2730
2636 3370
1408 1080
1095 3654
3084 2741
3252 361
1148 3336
226 1596
1955 1531
1980 44
2248 403
2358 484
3602 1480
2758 1859
3205 2826
566 224
803 1450
2281 1371
1984 1654
1011 2117
877 553
1445 845
1622 106
238 1680
3062 1047
2688 147
3305 89
2494 2624
1861 252
1307 3004
2303 3695
2642 1780
2486 3651
911 2034
1191 2869
1053 28
476 1453
2980 2790
2537 1444
3149 1291
1435 2108
269 508
1456 2448
1372 3466
3238 2595
1408 1808
3497 2220
2256 227
128 3691
2403 2437
3066 443
1068 2836
2948 325
3147 216
3433 432
1456 2787
623 3706
760 870
2188 2055
3370 211
1022 1441
2761 2694
3287 170
1383 2196
2021 75
617 3127
3312 3471
2514 1414
600 1908
3476 105
1515 2797
141 1935
3621 1653
3093 665
2385 618
3336 1725
336 3602
1897 1972
3603 812
2793 1012
2289 2654
2338 1728
794 3470
500 1779
821 2751
2288 3196
1287 3021
2393 1841
3755 3652
2347 1014
188 730
602 1905
64 2013
3383 751
3483 2881
3253 3171
800 2589
839 2928
682 1723
1970 2547
1883 239
3415 826
2222 2638
1911 1689
2346 2109
2573 1075
1887 3616
2748 3479
1563 2131
2680 2067
429 2615
3505 1044
813 676
1696 698
1618 348
1506 3740
2739 581
1794 2472
3374 1333
2597 408
350 791
2590 189
2780 2057
3087 521
2729 3201
245 1231
245 2710
2572 2078
2512 1674
2497 70
1578 3719
2943 1228
1957 419
854 3089
3347 1525
606 165
2120 2253
1924 3195
1493 3010
1496 3092
1163 1887
1003 2499
1071 2832
1350 1798
1174 1364
3107 1402
3554 2859
1561 1723
2960 166
3506 3480
389 554
528 1208
365 2999
2857 1737
3512 2040
1719 161
1463 962
2202 1433
2400 2066
2048 2409
3610 1893
1931 692
2847 3077
2033 2265
1397 993
720 1089
3270 959
3519 1572
2945 319
1592 1692
1866 3329
1642 1071
3 1426
2015 1516
415 243
127 3151
1935 3053
441 1585
313 3640
1936 238
3523 2706
815 573
3104 2399
1800 238
1971 1791
1746 615
166 3478
1373 58
1725 1582
1466 388
653 1197
3088 652
707 1440
2004 683
1342 2560
549 70
2498 688
1847 840
1567 3466
1106 2208
2497 2743
1372 1033
2002 2563
2806 45
1578 876
1571 3460
1257 2211
185 3178
3557 3026
110 930
